1
2
15
94
1
1
1
20
1
235
1
5
2
3
76
2
4
6
1
1
2
1
5
5
21
3
10
3
7
2
24
15
1
2
1
18
9
2
5
1
13
10
2
3
1
2
1
78
1
1
3
3
1
2
3
35
2
12
6
2
20
3
1
3
2
614
1
8
1
12
3
17
11
5
5
3
5
7
4
12
8
1
1
1
45
6
1
163
18
1
1
3
1
3
82
1
1
103
2
1
4
28
1
10
10
1
19
93
1
3
1
3
24
65
1
6
13
18
4
24
1
2
7
1
3
2
10
3
1
1
7
7
2
1
2
290
1
5
14
1
7
3
10
2
1
6
1
1
799
25
1
12
1
34
15
1
1
34
1
1
1
1
44
3
1
4
3
3
1
2
1
1
2
2
1
16
2
1
11
38
11
1
1
9
1
1
2
5
4
2
5
67
2
9
3
2
1
6
2
1
1
38
7
2
7
1
1
2
2
1
2
3
3
3
6
1
1
4
1
3
132
1
2
1
2
9
1
3
5
2
5
1
1
2
6
1
19
1
7
1
6
6
5
9
39
1
2
2
178
1
10
2
3
8
5
4
1
8
1
2
1
1
10
1
1
8
1
2
2
2
1
2
2
1
4
3
1
61
3
1
12
3
49
1
7
41
2
5
1
5
22
61
2
1
26
27
109
1
3
17
5
1
4
1
1
6
64
1
1
50
9
13
2
6
2
4
72
30
1
147
1
1
9
1
1
4
1
7
1
2
2
1
1
12
13
1
1
23
13
2
2
4
14
7
7
1
3
7
3
422
1
2
175
1
1
24
22
1
2
3
1
11
4
1
1
1
1
25
296
7
77
1
3
4
5
1
11
1
4
2
1
1
1
1
1
5
6
2
31
40
1
2
17
1
1
2
1
4
66
1
47
3
1
1
2
1
2
1
1
6
12
1
2
3
22
1
1
17
2
1
3
7
10
1
4
3
6
49
1
1
4
4
1
1
3
3
7
2
376
64
7
1
23
8
7
19
42
1
3
3
1
17
3
3
2
4
11
7
1
3
4
276
2
1
2
4
1
2
2
1
6
1
1
1
1
1
6
4
2
9
1
1
5
296
1
1
1
380
1
2
5
1
132
1
14
3
1
1
2
11
1
6
1
14
1
2
1
1
1
15
1
19
1
2
2
1
9
3
9
3
1
3
43
1
5
1
148
1
1
7
2
1
20
4
3
10
13
1
1
3
1
1
1
2
2
1
4
1
1
3
2
3
2
5
1
5
3
3
2
1
5
2
2
2
2
2
1
22
4
8
6
17
1
9
1
1
10
2854
4
1
1
6
37
40
7
16
3
1
8
1
21
62
23
17
4
1
7
2
1
34
8
10
9
55
1
247
495
27
322
1
1
25
3
3
2
2
3
3
18
1
1
3475
25
1
1
1
4
1
1
1
1
5
3
1
1
2
1
4
1
1
1
15
17
11
1
3
3
1
74
45
1
5
2
49
2
2
4
132
6
1
1
1
1
79
2
1
1
2
15
1
1
5
7
1
4
6
1
5
3
1
66
1
8
2
23
1
1
3
381
2
4
1
106
22
1
1
3
11
1
3
1
1
4
3
2
2
1
134
10
1
1
3
1
1
29
1
3
1
8
1
59
1
1
40
1
3
1
4
4
11
11
7
1
1
1
2
7
1
8
1
5
1
678
1
2
1
14
1
8
1
1
2
84
6
1
1
1
2
1
1
9
1
18
3
4
2
1
1
6
5
29
3
1
2
6
9
146
24
99
1
20
1
2
2
5
17
26
1
1
3
1
7
1
46
1
2
1
2
1
11
6
3
1
3
1
2
17
7
1
1
58
1
12
1
23
1
4
5
3
7
134
3
10
1
4
7
2
8
1
2
8
4
1
2
1
467
1
6
4
2
14
5
3
9
1
2
3
1
2
11
1
2
17
103
6
9
4
23
3
1
185
19
1
1
1
1
14
5
2
1
20
2
1
2
1
1
1
206
2
3
11
1
2
11
1
1
20
1
1
2
3
11
2
1
1
4
23
2
15
20
44
2
2
12
9
1
2
3
115
2
36
8
1
3
3
640
1
10
1
3
31
1
26
2
5
2
1
1707
14
1
1
57
33
3
5
197
1
270
3
1
2
3
11
12
1
10
22
5
7
4
3
31
1
1
1
16
3
1
50
4
1
1
4
1
2
1
1
1
16
2
4
76
1
222
2
1
3
11
4
2
6
2
6
2
2
18
20
5
1
1
2
2
1
1
8
1
10
5
1
1
1
1
1
1
3
1
10
1
9
238
1
10
1
70
1
1
1
1
6
1
1
1
1
2
1
12
1
3
2
3
2
1
25
1
17
1
22
1
1
1604
2
1
59
144
3
16
8
4
5
31
4
1
1
1
2
2
4
1
6
9
4
1
6
3
18
3
6
3
16
3
4
3
1
55
30
8
78
1
3
28
35
5
2
191
9
10
15
1
568
13
1
5
1
188
128
7
1
4
38
2
87
2
2
344
20
1
5
7
5
2
24
3
1
229
2
2
1
1
1
1
4
11
1
1
2
1
3
24
12
2
1
2
10
1
15
21
2
1
1
4
1
2
25
2
1
1
1
11
1
8
1
1
1
1
136
260
2
5
9
7
1
1
1
1
2
3
3
2
2
1
9
13
1
7
2
1
7
23
1
41
1
12
3
2
1
281
5
1
2
1
1
3
3
8
20
10
2
2
9
1
1
52
2
1
1
2
2
1
1
20
3
14
5
3
2
1
1
25
8
2
3
1
8
50
1
195
3
1
3491
8
1
69
1
9
1
1
1
1
1
1
1
5
1
2
3
3
1
1
1
1
2
34
5
10
1
31
1
2
288
16
13
8
1
24
25
1
1
2
1
5
1
2
1
10
1
5
2
4
1
2
6
6
3
1
2
2
16
1
1
4
1
1
1
1
2
1
1
1
3
1
3
1
1
1
1
1
1
1
1
5
1
2
1
1
10
28
209
4
4
383
80
6
6
5
7
2
2
1
1
1
2
1
4
3
3
4
12
1
1
11
3
2
1
1
5
3
1
190
11
73
1
10
1
1
1
1
6
3
1
1
1
10
10
11
2
1
1
1
9
21
1
2
1
14
1
1
3
1
1
6
1
1
37
12
21
4
2
1
1
2
4
46
3
13
2
12
9
2
1
8
30
6
1
1
1
22
19
29
2
4
7
9
3
10
4
3
4
1
1885
9
2
2
1
7
2
2
2
3
49
1
6
1
1
1
27
1
2991
2
12
3
19
11
20
2
16
2
2
28
1
2
121
1
1
13
2
1
105
8
753
1
1
947
2132
3009
2
4
21
1
2
8
13
1
1
9
15
1
1
14
6
15
3
1
1
2
2
1
1
4
15
8
4
1
1
7
18
3
1
9
1
1
27
1
1
13
5
7
1
2
4
6
1
1
14
2
9
1
1
3
9530
15
11
104
6
3
1
2
2
27
4
6
1
3
1
1
1
1
1
32
1
5
3
16
7
2
43
7
4
2
59
1
1
27
3
1
8
58
2
1
86
3
2
1
11
49
22
1
1
3
3
9
1
9
4
3
25
90
4
1
2
49
1
28
4
2
14
41
2
5
6
15
39
15
13
5
6
50
2
20
1
11
1
3
1
2
1
1
1
1
1
3
2
1
658
158
1
24
4
7
1
2
6
2
2
1
13
35
4
24
1
2
1
131
3
15
34
1
7
1
4
23
2
4
37
1
1
1
2
35
1
5
4
51
21
17
22
16
13
1
5
1
1
2
5
10
1
7
2
1
1
68
14
1
14
3
1
1
3
1
1
1
1
4
29
4
1
1
1
8
9
19
3
6
1
2
14
8
7
3
20
36
139
4
4
14
11
4
1
1
6
3
10
51
6
3
4
1
4
4
1
2
1
1
1
1
1
1
1
7
4
6
268
1
9
1
1
1
3
127
3
1
7
1
29
1
1
8
1
1
1
2
6
1
181
40
8
1
2
29
3
1
1
18
15
7
1
1
1
2
44
2
4
17
1
2
41
1
1
1
302
8
18
3
2
4
2
29
3
10
2
21
5
1
22
1
1
10
2
13
12
12
1
1
1
2
2
2
1
2
36
1
1
3
33
1
3
10
1
7
2
1
1
2
4
8
11
1
1
3
1
2
21
27
2
1
4
1
1
42
2
109
1
1
3
1
6
2
1
56
1
53
5
1
1
1
1
44
125
2
3
37
1
3
2
1
10
1
9
123
9
1
6
3
1
11
3
1
1
31
7
37
3
2
3
1
1
2
7
13
11
5
1
1
16
2
1
3
5
8
9
2
1
1
6
1
1
1
2
14
3
11
11
4
8
9
12
2
4
4
61
1
2
1
104
7
8
11
7
2
114
1
2
1
1
5
28
607
1
3
1
34
16
14
2
1
1
1
1
3
7
1
2
1
1
1
2
3
24
3
1
7
1
3
1
438
1
144
1
2
5
3
6
1
1
1
1
370
289
1
12
8
2
1
92
6
2
4
4
1
121
1
1
1
5
77
3
1
60
3
5
1
1
2
4
3
25
5
2
1
40
1
332
1
1
1
1
3
5
2
5
4
2
93
1
4
17
17
4
20
1
3
13
14
12
23
3
1
2
4
4
4
4
14
3
1
1
1
2
3
1
27
1
1
1
1
2
2
1
3
27
3
6
1
4
1
3
5
1
1
9
69
2
14
9
1
1
2
15
1
1
4
1
5
1
27
20
7
61
2
3
3
1
1
58
3
2
7
2
5
6
1
12
4
86
11
1
1
6
2
233
2
2
8
1
7
718
2
8
39
1
3
9
10
14
2
10
44
1
14
4
58
13
2
2
3
9
1
2
6
3
9
6
1
1876
72
1
8
2
1
6
1
20
3
2
1207
3
10
1
9
17
4
1
3
4
2
1
1
2
111
1
1
575
1
7
5
2
1
1
1
3
1
2
1
3
1
4
8
5
1
2
9
3
3
1
10
3
3
1
6
2
2
2
1
1
27
1
10
11
1
2
1
1092
437
1
6
5
3
30
8
1
1
1
1
2
2
5
26
1
3
1
1
1
1
1
8
1
3
4
2
3
11
1
5
3
2
1
1
6
2
1
1
1
1
2
6
1
22
1
116
1
3
11
1
3
44
1
76
2
3
5
17
4
123
1
1
3
4
2
1
3
3
1
1
2
1
1
12
10
210
2
1
1
1
9
247
75
1
10
3
4
1
4
9
87
13
3
1
1
1
23
6
1
3
58
11
4
38
9
2
1
2
8
2
1
1
3
2
1
163
5
2
30
2
4
1
4
2
1
51
1
1
18
8
1
1
2
12
12
18
1
1
2
12
1
18
4
1
2
1
61
35
5
1
3
1
1
1
1
4
2
76
19
5
5
1
3
1
2
96
1
20
1
97
2
1
1
2
7
21
1
2
17
3
2
8
14
31
6
4
1
3
5
2
1241
15
2
9
1
1
36
1
4
50
2
4
2
21
2
2
8
3
2
1
3
14
47
5
3
1
3
7
2
11
1
1
2
1
3
4
10
7
67
5
4
7
8
1
2
3
3
5
1
3
14
1
4
5
2
28
1
5
11
4
60
1
5
2
1
1
8
3
11
1
1
32
3
7
9
2
5
15
2
3
1
7
2
1
3
63
1
1
3
5
1
1
1
1
1
1
1
1
1
140
9
3
3
1
11
7
2
108
1
2
1
55
14
8
12
1
2
5
4
60
2
1
19
1
3
1
2
1
27
1
4
4
1
1
21
3
18
9
1
8
6
3
659
1
1
1
8
5
1
5
1
1
3
2
1
2
3
2
1
2
1
52
3
7
1
7
13
1
1
3
3
1
1
3
1
3
1
3
25
47
20
4
4
10
2
1
1
76
4
364
1
7
8
25
4
2
1
6
4
1
1
9
2
3
23
14
3
3
1
1
20
24
1
1
1
1
4
2
3
1
1
3
4
2
1
2
2
1
3
1
4
1
3
4
1
1
1
6
9
399
2
1
3
16
195
10
1
98
20
5
1
18
1
3
4
11
1
2
1
319
2
4
1
1
46
84
31
59
89
12
1
4
4
2
1
2
2
3
2
1
2
6
16
4
6
3
1
29
1
4
2
6
1
1
1
1
3
7
6
15
13
1
1
1
2
4
16
10
5
5
1
1
3
3
14
4
1
1
12
1
1
10
3
1
1
1
3
3
1
8
1
1
6
1
1
12
10
1
1
10
1
1
10
3
2
1
4
1
1
2
1
5
1
1
5
1
1
5
5
1
1
1
3
1
1
1
598
20
1
1
12
1
1
2
1
1
3
4
1
3
3
1
4
1
15
1
1
2
2
1
13
1
2
3
2
5
1
252
1
15
1
4
349
4
2
1
24
6
1
25
1
2
1
6
7
38
60
2
25
1
1
2
4
1
26
1
4
1
20
3
10
85
13
1
1
5
9
1
3
1
1
2
1
1
125
2
1
9
1
20
9
8
1
9
1
10
8
1
2
3
1
1
47
1
6
3
4
1
3
2
1
2
4
7
16
1
4
6
1
145
27
4
18
1
1
5
3
1
6
1
2
10
3
2
1
19
18
26
2
3
4
5
1
2
6
2
4
12
2
1
13
4
7
5
15
1
1
10
1
1
1
4
4
1
4
1
1
2
23
3
3
2
1
2
1
2
11
2
3
2
8
1
38
2
7
1
45
3
7
1
1
1
4
7
18
3
8
1
7
3
3
3
1
11
1
45
4
24
19
2
2
32
1
2
11
2
1
14
1
5
3
1
1
21
3
2
2
1
3
5
1
8
21
1
6
2
2
3
1
13
6
21
4
1
38
1
2
1
1
1
4
56
2
13
2
2
2
1
1
1
4
1
11
1
1
4
1
17
1
1
1
13
1
2
1
1
9
1
2
3
1
4
18
1
1
2
78
7
3
1
2
360
2
3
2
1
1
5
2
4
2
55
1
2
6
1
1
45
1
15
12
1
3
1
1
3
4
3
6
3
1
23
1
19
3
1
1
1
19
2
1
1
4
1
1
25
18
1
1
6
1
3
6
5
15
4
5
2
214
15
1
63
7
10
3
2
1
2
5
1
5
1
1
2
2
16
46
2
4
1
1
4
6
5
6
3
12
1
11
9
1
10
112
1
2
8
18
1
25
2
4
13
28
15
2
418
1
2
1
98
2
11
1
4
2
6
6
3
7
2
3
80
1
13
3
6
1
23
3
20
4
1
1
1
2
35
2
4
679
987
4
1
71
6
190
27
2
4
20
1312
2
11
58
1
1
1
2
4
5
3
1
3
3
3
8
16
2
9
16
3
1
1
1
25
1
14
3
1
10
1
14
1
19
1
1
1
1
1
4
5
3
21
5
1
1
4
19
4
3
1
1
3
4
1
1
1
1
1
4
1
1
285
1
9
4
3
1
3
1
1
1
3
4
1
5
1
2
12
3
2
4
1
1
6
13
1
12
37
1
1
42
2
3
9
1
1
8
27
1
7
1
8
1
2
2
44
6
1
16
4
7
1
1
1
21
2
38
18
1
25
3
1
8
3
2
1
8
1
3
3
2
5
1
1
1743
1
1
1
11
1
1
34
1
2
3
5
13
1
13
6
2
10
212
5
22
1
1
17
6
6
4
1
3
7
1
14
7
1
2
3
1
6
866
1
3
16
6
17
17
15
3
2
9
1
6
6
8
1
1
3
18
1
8
1
3
1
1
3
12
87
4
5
2
2
12
1
1
2
2
446
41
6
10
1
37
1
21
1
8
12
2
3
2
1
1
20
59
2
1
1
4
1
101
1
2
1
1
1
7
1
2
37
1
2
2
5
2
1
3
2
1
215
11
5
6
1
1
10
1
7
10
3
4
8
7
1
9
2
1
1
1
1
4
2
1
636
5
5
2
66
9
2
3
2
9
2
24
1
11
2
1
2
2
3
2
1
2
7
1
2
1
18
3
2
1
34
1
2
3
5
2
1
3
8
7
1
2
3
22
46
254
1
1
2
6
9
1
140
1
53
27
1
1
3
9
80
7
1
1
15235
1
1
2
3
1
12
2
13
12
1
5
1
1
1
3
1
4
1
21
12
10
2
18
2
1
12
1
4
1
6
1
1
2
184
13
1
10
3
13
1
4
12
2
2
10
13
4
1
1
1
48
9
28
62
1
1
26
1
1
17
1
3
7
48
1
3
4
2
3
1
3
1
3
1
1
4
34
3
1
20
3
3
4
3
3
1
1
2
10
2
1
302
2
4780
4
3
4
1
1
12
2
1
1
1
1
8
1
5
153
12
1
10
4
11
3
3
1
7
17
2
2
6
4
2
2
1
1
136
1
2
27
29
33
1
1
8
2
1
26
6
8
22
2
27
2
9
30
1
1
1
51
2
11
2
9
2
5
11
1
2
5
1
21
3
94
2
4
2
3
1
9
19
1
32
1
4
19
1
1
2
12
4
84
6
2
2
7
1
6
2
1
39
2
1
1
1
6
1
2
1
3
2
40
4
7
3
2
12
6
5
1
8
3
9
4
9
11
1
1
5
9
2
11
10
3
4
1
1
22
16
1
13
1
8
2
4
8
1
12
2
1
1
1
2
1
1
2
18
40
15
3
1
11
10
3
1
10
36
1
1
11
4
2
1
2
1
16
2
16
4
1
1
1
17
37
2
1
25
5
1
3
1
3
85
5
21
2
14
26
19
1
1
4
87
2
4
5
9
1
1
1
29
1
380
1
4
1
3
729
1
1
2
378
1
8
7
1
1
243
2
1
4
4
16
4
1
2
4
1
4
7
12
1
60
5
2
4
1
2
3
1
3
25
1
2
2
5
1
1
3
2
7
1
208
5
1
13
9
1
127
3
3
1
6
6
136
1
4
1
1
4
26
3
1
1
52
376
18
2
5
6
4
2
1
1
3
1
3
98
2
13
1
1
1
7
2
7
1
2
4
1
2
146
2909
927
2
16
53
1
2
5
75
22
20
1
25
8
1
3
1
4
1
20
18
4
1
63
6
36
2
8
1
2
28
2
76
14
6
1
3
13
7
8
8
3
10
13
5
33
4
5
2
17
3
75
5
80
1
1
28
2
1
2
6
7
5
6
7
8
5
1
199
61
4
76
25
26
1
2
5
2
8
106
57
1
3
1
3
13
6
3
2
65
2
3
1
1
6179
2
1
81
4
1
22
335
1
8
8
2
1
1
2
2
2
2
2
2
4
52
44
2
1
1
4
1
1
9
50
2
1
5
1
9
1
1
87
1
1
7
1
2
1
1
17
1
1
1
1
3
2
5
1
2
1
4
2
13
17
6
1
4
2
56
3
1
1
1
23
20
1
14
1
1055
6
1
9
4
1
17
10
1
84
2
2
1
4
10
4
6
4
2
1
32
1
8
4
1
1
3
3
1
3
3
54
2
1
4
1
7
1
1
2
2
68
1
2
7
8
31
1
1
3
1
1
1
3
17
1
1
2
13
2
102
1
4
1
2
62
1
1
8
1
2
3
5
1
4
15
20
3
1
3
68
8
1
19
2
9
1
15
1
1
4
2
5
2
5
1
2
5
1
1
25
3
4
2
2
186
3
15
2
29
4
1
5
1
4
3
1
2
12
2
1
3
4
1
2
1
23
7
1
2
6
16
1
211
1
4
32
3
4
1
1
13
33
2
24
2
14
1
5
1
1
1
4
1
5
1
3
1
1
6
5
4
1
8
2
1
1
9
6
3
2
1
1
5
10
4
4
5
1
5
2
6
118
1
1
87
21
2
1
12
1
1
103
56
1
109
2
2
1
30
28
46
4
6
120
1
6
19
2
4
2
4
35
1
2108
32
1
22
4
1
3
1
2
1
1
29
11
2
2
2
1
8
1
2
87
1
8
8
24
3
10
12
1
27
3
5
1
1
3
1
1
7
14
1
35
1
1
3
2
2
1
1
4
2
1
3
2
1
8
1064
3
14
2
1
1
13
10
11
1
1
44
43
7
1
5
8
3
1
2
5
4
1
19
2
59
2
7
1
7
1
1
1
1
1
3
1
1
1
6
1
18
52
3
3
1
1
1
1
12
1
6
1
4
2
6307
3
111
1
2
1
1
3
1
2
9
1
1
1
1
13
3
9
3
143
19
3
72
31
10
1
3
3
14
2
2
19
8
9
1
1
3
5
1
2
1
1
4
3
585
28
1
1
15
1
9
10
37
2
1
4
66
1
1
1
18
6
1
14
40
8
1
5
2
14
1
1
1
64
1
26
5
2
7
2
1
55
1
3
35
1
3
1
1
7
3
7
1
16
7
1
5
55
1
8
2
12
25
3
2
1
1
12
2
1
2
1
1
1
77
1
17
1
1
276
2
1
2
8
1
1
4
1
23
1
1
1
3
166
3
5
8
1
1
9
3
1
2
30
1
5
74
33
1
2
18
2
1
18
20
2
16
1
5
18
2
2
5
1
9
1
1
2
1
45
1
17
8
2
13
3
1
72
9
1
1
1
1
4
5
1
7
6830
2
2
1
1
1
17
1
2
73
1
3
1
1
94
167
49
3
40
35
1
21
24
12
5
1
4
1
55
105
1
26
5
5
2
3
1
49
2
1
1
1
5
1
2
14
1
3
11
59
1
1
8
11
3
1
1
2
1
44
8
10
3
1
1
1
11
8
1
3
2
2
3
1
1
3
5
2
2
2
1
7
2
7
98
20
164
4
4
3
1
1
3
1
102
2
29
3
2
6
1
6
1
6
8
13
18
209
79
4
4
8
1
21
1
11
1
2
8
1
1
160
6
1
35
3
74
1
2
1
4
1
3
1
3
30
18
2
2
6
5
3
3
2
3
2
1
3
1
2
1
7
4
4
3
10
78
1
1
1
1
8
1
6
4
9
63
6
2
3
1
9
2
1
1
2
1
1
2
58
3
6
1
1
1
20
2
1
1
1
2
2
1
13
2
3
2
1
41
39
2
10
1
27
10
7
1
22
1
9
16
5
6
2
61
1
2
1
1
1
2
1
1
10
1
2
5
1
10
6
2
4
8
2
13
2
7
3
1
56
4
2
6
7
3
298
1
5
35
5
4
3
1
1
22
5
13
5
1
12
1
1
12
174
1
8
1
15
1
82
2
303
37
4
1
4
35
2
4
9
1
1
37
1
1
1
2
52
18
1
4
1
1
17
2
1
51
10
6
125
16
1
8
2
3
24
1
9
8
3
3
160
8
8
1
2
2
3
1
11
2
3
2
4
1
11
4
1
109
2
2
2
4
1
5
6
17
34
2
7
10
149
5
2
1
1
3
2
1
1
55
1
1
11
10
36
1
1
1
1
1
1
4
1
1
1
8
2
1
1
1
25
2
1
2
2
192
11
16
1
2
4
4
2
3
1
26
1
6
18
95
4
2
2
8
10
6
1
18
1
3
1
1
1
3
4
1
4
3
3
1
49
14
576
2
1
6
71
6
1
1
3
11
1
9
1
4
1
1
2
6
1
1
121
4
4
1
14
1
3
1
44
1
108
5
1
15
4
97
2
7
1
1
2
4
1
81
25
81
1
34
66
3
1
1
3
2
1
4
1
2
2
1
2
1
1
1
7
1
589
1
1
2
12
3
14
41
1
98
1
12
1
3
1
11
6
4
4
95
9
33
7
19
1
2
5
80
1
2
3
2
1
1
9
3
2
1
6
1
3
2
1
1
3
3
5
3
19
3
1
6
1
16
2
6
4
74
7
1
2
1
7
1
5
5
4
5
6
2
3
3
2
4
3
1
22
2
3
621
1
1
5
1
1
1
41
1
1
2
12
7
1
2
11
5
1
60
12
7
1
4
4
2
2
4
3
1
1
10
1
3
1
1
1
2
3
2
27
6
14
1
18
5
7
3
6
21
4
5
1
17
4
20
62
1
30
1
1
1
1
1
8
2
8
3
3
1
1
1
3
1
1
2
1
1
2
2
19
1
4
10
1
4
5
4
15
7
17
4
1
15
8
6
23
1
7
2
1
8
5
1
16
1
29
13
6
36
1
11
1
7
2
1
1
3
11
21
42
2
8
3
5
17
1
2
2
13
18
5
1
198
3
2
6
2
1
15
4
9
13
3
3
1
11
3
3
3
2
1
1
3
1
4
1
3
1
2
6
1
4
22
2
2
2
3
1
3
6
3377
1
1
1
13
1
2
1
10
1
1
7
235
18
1
3
12
4
1
3
9
1
12
1
32
3
2
1
1
13
2
3
2
3
1
16
1
2
1
2
11
2
2
1
45
10
1
1
36
1
1
1
5
3
10
4
2
1
70
1
1
3
1
1
1
6
2
3
1
118
4
1
1
37
3
3
10
1
1
1
25
3
1
1
6
14
1
5
2
25
4
7
59
12
31
2
18
36
1
7
5
2
1
1
8
91
2
1
1
10
1
55
106
1
2
1
1
1
13
9
10
1
3
9
3
4
1
3
10
2
111
1
1
1
1
53
1
1
1
60
2
1
2
5
1
1
11
2
1
3
1
5
9
7
2
13
6
6
4
9
1
1
2
22
1
5
5
10
2
20
2
1
2
1
2
40
1
2
8
2
1
7
4
2
1
6
2
1
2
1
2
4
3
4
1
1
1
2
48
2
3
1
1
2
10
1
2
23
25
2
1
6
2
8
1
1784
15
4
36
1
1
1
6
6
2
1
1
1
4
2
3
7
1
1
10
2
8
1
1
9
14
56
1
1
4
11
2
1
23
2
6
4
24
6
3
2
8
53
36
4
2
2
2
23
1
1
11
1
36
1
1
2
25
1
3
2
2
1
22
7
1
1
2
1
2
1
2
1
1
6
3
33
11
1
4
1
1
1
30
5
3
1
1
1
1
1
13
3
4
2
3
2
2
2
1
1
8
1
19
1
36
1
1
6
1
364
1
1
1
17
2
9
17
1
5
3
3
1
28
1
64
10
1
2
13
7
4
1
1
10
2
51
9
8
1
8011
1
3
449
4
1
1
1
11
1
6
2
1
3
3
2
1
1
20
1
2
5
1
1
1
8
18
1
13
1
2
76
1
25
8
3
33
3
22
10
6
65
1
1
8
10
1
23
86
2
1
32
1
25
8
3
1
20
53
1
119
1
1
1
1
16
2
3
4
1
1
2
4
12
2
1
3
3
1
6
5
2
1
2
54
13
4
20
113
1
1
4
25
23
4
5
29
1
7
2
3
1
1
1
15
20
1
3
2
1
67
1
14
1
4
1
2
7
3
5
2
1
1
18
9
1
1
1
13
20
8151
1
1
9
11
23
2
14
1
1
1
27
48
5
2
1
18
10
4
6
2
4
6
55
3
5
5
1
2
1
9
9
1
1
1
2
1
6
6
9
3
4
1
2
64
2
8
10
2
1
2
8
1
3
1
7
10
3
3
8
2
1
128
47
7
1
2
1
4
4
39
10
14
49
1
4
1
6
1
3
3
3
2
2
1
2
3
1
2
1
9
297
1
2
4
2
4
1
2
2
1
30
28
4
2
44
2
652
1
2
1
1
1
1
5
3
1
7
160
1
1
187
1
2
4
2
215
26
71
1
1
13
1
2
12
1
1
1
4
1
29
7
1
3
2
3
4
1
1
1
14
15
12
1
1
1
4
30
17
1
3
1
1
5
10
2
54
59
15
1
8
526
5
3
9
1
1
6
1
23
20
1
1
1
1
2
2
257
17
1
2
5
2
1
2
4
5
1
1
17
8
1
317
1
12
2
1
1
2
1
5
1
3
1
6
1
1
131
1
2
3
1
3
5
1
10
39
3
1
1
1
11
44
6
10
37
1
4
1
2
12
1
1
3
1
1
1
1
2
1
11
679
17
4
1
177
6
7
4
1
16
1
12
2
16
2
1
3
1
2
9
1
2
12
1
2
2
447
29
1
111
1
153
2
4
8
10
1
1
27
27
1245
2
2
1
1
7
1
1
1
1
5
5
12
3
1
12
55
63
1
16
1
1
8
30
1
2
5
2
1
1
1
32
1
1
1
1
60
3
35
1
27
3
8
13
2
1
9
3
4
4
5
1
2
3
1
54
2
2
1
1
1
2
10
13
1
2
2
27
1
3
34
1
5
27
25
4
1
1
1
1
2
1
93
14
31
6
1
1
3
20
1
1
10
227
34
1
4
2
154
40
5
8
18
35
1
1
3
21
1
3
1
6
1
1
4
1
29
2
1
1
1
789
4
12
1
293
77
1
7
5
3
3
10
1
1
3
13
32
3
1
4
212
13
1
7
2
2
22
3
6
1
60
1
8
4
1
6
2
5
1
26
8
35
3
2
1
1
3
4
3
1
6
1
4
25
48
39
1
21
3
22
4
11
5
2
1
1
1
52
1
1
1
10
50
2
996
3
2
2
1
3
1
2
26
1
1
4
4
1
1
6
6
1
1
5
3
21
4
6
174
7
1
7
2
6
1
2
1
1
53
7
2
2
1
1
9
1
1
4
12
2
2
447
23
3
2
44
52
1
1
1
42
1
3
2
3
1
3
1
6
1
1
1
9
3
11
17
4
1
1
4
14
47
1
76
2
1
1
10
34
3
3
2
5
2434
5856
26
30
50
6
6
5521
1
5
1162
42
11
1
321
1
1
3
9
1
8
4
1
1
3
3
7
4
1
2
32
1
1
7
53
15
1
32
1
1
9
2
2
1
1
3
3
1
4
9
3
4
7
1
43
241
1
11
1
509
13
1
1
5
5
4
1
4
32
37
337
297
9
1
11
74
3
1
38
68
2
1
1
1
1
2
5
5
2
1
14
2
1
1
2
2
3
12
3
28
15
16
33
6
7
2
2
1
1
1
1
2
1
2
2
1
2
1
45
4
4
34
92
2
3
1
2
3
177
17
2
2
2
1
1
1
19
2
3
1
1
1
17
9
1
5
2
6
1
3
1
14
16
3
15
1
2
5
1
5
9
1
10
5
3
1
7
1
452
2
4
1
1
4
48
5
2
2
1
1
1
22
2
1
2
1
3
8
1
1
26
1
10
2
2
5
1
1
2
1
6
1
2
1
2
24
2
4
1
1
1
1
1
1
7
4
2
6
3
3
1
1
1
7
2
8
19
1
2
1
3
18
6
196
1
4
1
82
1
1
1
12
27
49
3
1
2
1
7
11
1
4
1
4
1
19
1
5
2
23
15
1
1
2
1
7
5
6
3
1
9
1
3
3
5
2
2
8
4
1
1
820
1
125
20
12
2
47
1
10
31
14
3
1
1
1
1
5
5
8
1
6
1
1
773
54
1
6
1
3
1
2
1
125
1
1
36
3
2
1
3
1
1
1
10
2
1
5
3
1
1
2
1
13
5
1
4
1
21
8
1
10
5
9
13
13
2
1
2
1
5
3
1
90
26
218
1
3
9
34
19
1
10
1
5
1
12
2
17
1
2
10
2
18
2
1
5
7
1
5
1
16
2
5
74
3
49
1
3
2
1
1
2
3
2
1
3
9
1
8
14
30
1
2
2
2
164
3
2
24
24
76
6
13
5
38
4
2
10
3
3
4
4
2
3
1
1
11
2
1
6
3
162
7
12
11
1
2
2
2
15
1
1
338
1
1
26
2
1
2
3
21
911
2
1
36
27
1
1
9
1
5
9
3
21
127
18
1
5
27
5
2
1
2
7
6
1
22
43
1
2
29
16
1
17
4
3
1
1
6
6
1
7
9
1
2
18
1
1
103
1
1
9
1
2
1
94
1
2
2
1
1
1
6
1
4
3
1
3
82
1
69
1
1
3
1
65
1
1
2
1
4
7
30
9
1
3
3
2
1
2
12
2
16
2
1
2
175
4
281
4
390
1
3
1
1
341
38
3
5
476
30
4
20
1
3
79
5
1
323
3
2
96
2
3
2
1
1
2
8
1
1
11
1
2
1
17
1000
1
1
1
8
3
1
1
1
2
1
2
8
14
4
8
3
1
1
1
5
3
1
4
15
2
1
7
1
1
3
3
6
1
17
6
1
24
10
17
1
5
1
1
1
1
1
1
90
11
3
1
42
1
2
6
1
25
99
2
4
3
7
1
4
71
31
4
1
2
1
2
8
78
1
41
3
10
1
1
268
1
2
2
2
23
15
1
1
5
1
4
1
1
1
3
5
124
5
3
1
3
11
6
43
1
7
1
1
31
6
4
1
4
1
2
3
29
7
1
7
2
198
1
120
1
3
5
34
11
26
36
1
8
2
9
4
11
10
1
3
2
1
1
16
2
1
1
40
1
1
1
16
104
1
3
1
7
13
9
14
2
1
4
2
9
18
4
24
4
6
1
1
3
2
9
12
3
23
1
1
1
1
15
1
6
235
40
3
2
8
2
4
1
1
31
4
2
1
1
1
2
18
2
1
16
10
32
86
1
5
2
1
1
2
6
3
76
5
2
1
133
40
1
1
272
1
5
59
4
2
14
2
4
40
12
1
3
1
2
3
2
1
7
1
3
2
1
1
1
1
1
1
1
2
1
4
7
1
28
2
13
8
17
14
1
433
1
6
1
2
1
1
1
1
1
13
3
5
5
1
1
2
2
1
3
1
3
2
3
1
2
5
4
2
14
2
6
1
1
3
2
5
16
1
22
13
115
19
14
5
15
8
1
2
7
1
1
1
8
1
4
1
2
1
10
3
4
1
11
2
11
5
2
6
6
2
1
3
15
1
13
3
31
3
4
10
1
1
1
1
1
4
3
10
2
10
9
1
11
12
1
12
1
27
1
26
3
4
1
2
27
1
1
1
2
2
5
2
1
1
5
1
15
1
3
27
2
1
3
7
1
3
6
1
1
1
1
10
5
8
8
1
1
3
2
1
10
1
3
32
66
1
13
8
2
10
6
13
1
2
2
2
4
554
3
17
4
1
4
2
2
2
1
31
66
1
2
3
1
3
2
12
10
2
6
1
3
2
7
1
2
9
2
2
61
12
3
1
1
14
10
2
1
13
1
2
3
6
1
5
1
12
17
1
1
4
7
1
1
2
124
3
1
1
5
57
3
16
4
1
2
5
7
2
1
4
1
5
1
2
15
2
3
1
1
1
41
17
3
9
20
160
1
2
1
1
2
1
1
1
12
35
16
5
2
65
4
1
2
4
1
4
2
11
5
1
3
7
1
1
12
8
1
2
5
3
7
1
2
1
4
2
2
8
1
32
16
5
6
1
383
1
3
2
7
1
3
1
2
9
1
1
2
16
2
3
206
23
125
5
9
13
2
3
1
26
3
1
1
3
13
3
2
1
3
2
6
1
1
36
13
14
1
3
5
1
16
1
1
5
6
3
1
1
24
7
1
19
8
6
4
20
10
128
5
1
5
1
2
3
55
1
24
5
3
8
1
2
5
1
1
14
1
25
1
2
1
1
1
170
1
26
34
1
1
5
1
1
1
2
3
10
1
76
6
1
1
3
4
1
5
1
449
1
17
11
2
5
21
4
2
10
33
9
1
3
1
1
9
2
1
7
1
1
14
2
28
1
8
1
241
16
39
79
1
20
2
4
19
1
1
1
1
7
2
17
6
11
2
2
2
3
3
1
1
1
1
4
20
1
9
15
4
1
63
1
3
1
1
5
1
42
3
1
3
2
2
3
2
1
1
3
1
1
3
143
5
2
5
1
1
1
85
6
93
1
29
1
1
1
1
2
9
7
2
1
105
11
14
349
2
1
3
3
15
3
1
48
77
16
1
1
18
15
9
1
1
15
1
1
6
1
2
2
15
16
5
9
16
3
12
1
1
8
9
5
18
6
1
3
2
10
1
10
295
1
2
5
1
31
3
1
1
2
1
1
1
2
1
6
2
3
1
6
1
12
2
68
6
1
3
1
2
10
3
1
1
1
24
8
6
14
38
157
1
1
1
7
1
3
28
3
1
56
4
1
9
1
1
2
3
5
7
1
17
4
4
35
8
5
7
1
1
1
1
2
5
1
25
1
20
3
12
1
1
4
8
2
7
27
1
1
3
15
2
5
35
1
1
4
1
3
66
31
2
1
9
1
1
1
1
1
2
1
2
1
5
8
1
6
6
3
2
9
92
42
1
2
1
7
8
1
186
2
6
2
14
1
5
1
3
1
15
1
2
10
2
1
3
97
5
40
1
2
1
10
1
8
2
1
256
1
1
1
1
2
4
2
2
1
3
4
2
1
2
1
1
17
11
2
2
7
1
14
1
2
49
1
2
1
5
1
3
4
4
2
1
4
1
1
16
6
6
2
110
2
376
1
75
1
18
1
74
1
1
56
1
126
4
3
4
1
3
26
1
3
3
1
12
16
19
6
1
8
14
1
12
4
2
1
5
9
1
46
5
11
26
2
5
31
1
5
12
2
3
1
3
48
5
1
1
4
37
2
7
15
2
1
2
1
54
1
17
1
5
1
1
1
24
91
26
12
2
1
9
2
1
6
3
20
1
17
24
29
4
1
1
1
28
1
8
1
1
1
1
1
10
83
5
11
1
1
82
6
3
1
1
2
1
1
1
2
6
2
1
1
2
1
1
5
1
1
1
3
1
1
3
1
5
19
1
1
1
2
1
1
55
9
1
9
8
2
3
11
104
1
12
22
2
1
1
2
1
4
1
1
137
1
1
5
1
2
4
2
16
13
1
1
4
7
2
1
1
1
8
1
1
4
1
5
21
8
2
5
4
1
21
1
1
5
10
9
2
3
1
1
1
4
6
6
1
1
1
3
5
1
1
1
5
1
1
43
1
1
3
1
3
1
6
3
1
22
14
1
1
9
1
14
1
2
9
2
1
1
5
1
2
1
1
2
1
3
1
1
1
1
2
1
1
6
2
1
1
33
1
2
1
1
2
6
22
3
2
2
25
2
5
1
9
83
1
21
1
2
18
16
7
6
16
4
3
9
85
1
5
1
4
1
1
8
9
5
1
14
2
1
2
55
1
8
1
8
67
1
2
1
2
3
1
1
3
2
1
5
1
18
1
82
3
3
1
2
30
4
1
3
72
3
1
4
4
1
11
21
5
9
5
1
2
2
1
1
1
2
1
5
3
45
6
1
6
5
2
11
2
2
10
12
3
1
3
3
1
3
8
2
1
1
4
2
10
5
1
1
5
1
18
2
47
15
41
1
14
1
1
3
1
1
1
1
2
1
2
1
1
5
9
1
1
3
9
6
1
7
1
634
1
6
1
6
1
1
2
61
1
2
2
28
4
3
29
7
1
1
1
17
499
2
2
1
2
1
6
1
1
1
16
11
5
1
2
2
1
3
1
1
1
1
1
27
2
3
7
9
1
2
2
33
10
1
3
16
2
2
1
1
2
1
2
33
1
4
3
2
9
1
5
2
1
8
3
2
2
6
1
1
1
1
9
8
9
50
1
4
3
16
2
1
1
1
8
1
1
3
1
4
1
1
5
22
13
3
11
1
2
106
2
2
19
1
1
37
21
29
1
3
5
1
1
1
2
23
1
1984
10
1
35
1
7
2
3
4
5
3
3
9
6
3
5
12
3
1
35
16
169
1
8
2
2
6
1
16
17
1
1
29
18
2
11
2
1
1
1
1
1
2
4
5
1
1
6
1
1
2
7
1
30
10
1
1
1
11
1
14
3
1
1
1
1
1
4
1
2
4
9
38
53
2
1
1
1
2
2
1
1
1
26
41
1
29
3
3
9
8
840
2
7
1
2
1
1
1
3
1
1
4
7
3
1
2
3
1
1
1
4
3
1
1
21
4
1
3
2
1
6
61
1
1
1
7
85
20
1
7
21
1
5
1
8
33
2
5
8
6
3
1
13
8
87
9
4
5
1
1
3
27
6
1
124
13
2
1
3
5
1
3
2
10
8
40
11
1
1
1
61
3
8
37
16
1
2
6
1
1
2
2
1
304
1
4
22
1
1
9
1
1
2
1
1
1
2
1
1
6
1
4
3
3
10
1
19
9
26
1
1
1
21
1
4
2
3
5
18
4
1
395
1
6
8
72
10
4
12
1
1
1
3
1
7
2
1
3
1
1
13
1
28
28
1
3
1
2
3
19
8
1
2
1
2
10
670
1
1
70
2
23
1
4
23
3
2
2
1
1
1
3
3
10
39
2
2
1
14
2
1
2
2
17
13
1
7
4
1
2
5
1
3
9
2
2
9
10
2
1
12
6
1
44
2
18
1
1
1
1
3
5
826
172
6
6
10
1
5
2
1
2
9
11
4
1
5
1
14
3
9
2
62
1
1
1
1
1
1
1
2
4
1
10
1
1
1
3267
67
2
16
4
1
1
1
14
1
27
12
2
17
2
40
2
1
1
4
9
32
4
1
9
1
2
1
8
2
1
2
1
43
1
1
26
3
43
1
2
1
3
3
1
16
3
1
2
3
8
1
17
3
3
1
1
1
1
1
2
2
1
2
4
39
11
1
31
4
2
1
3
14
2
39
1
3
3
121
44
2
31
5
1
6
26
1
2
440
6
1
63
45
1
6
5
1
5
1
1
9
9
2
5
1
3
1
1
14
7
2
1
50
1
16
26
18
55
8
18
1
1
163
1
3
1
13
2
1
7
1
8
2
1
25
1
6
1
11
1
32
1
11
1
7
1
1
1
1
11
36
1
2
14
23
7
1
3
2
2
1
4
45
6
2
1102
2
18
2
1
1
3
8
1
2
1
1
1
39
3
3
26
4
522
2292
10
3
1
5
81
5
1
2
28
1691
2
22
2
10
3
1
2
2
122
1
3
7
153
1
13
9
1
1
8
43
1
1
1
1
14
1
4
1
3
8
1
1
12
2
1
1
2
1
1
21
2
2
1
2
2
2
24
54
4
1
1
4
1
426
1
2
7
1
1
1
6
3
1
5
25
6
13
12
11
3
1
1
1
4
3
1
1
4
1
1
1
14
1
1
3
1
4
1
13
4
1
86
1
3
2
1
1
1
7
5
5
1
9
1
2
1
3
1
2
1
2
1
17
1
409
5
39
11
228
1
1
2
5
1
3
2
20
40
1
1
6
2
126
2
1
2
18
3
162
1
7
1
6
8
154
1
1
1
1
17
30
5
5
1
27
10
2
2
2
2
3
2
1
26
2
18
1
7
1
1
1
756
1
2
1
1
3
5
8
5
146
1
2
2
24
195
1
1
4
6
4
3
6
2
2
8
3
3
2
8
15
1
1
36
175
115
1
1
2
2
5
1
3
8
5
3
1
16
124
2
1
15
836
9
2
11
3
1
1
1
9
3
3
1
4
4
1
4
15
3
2
1
1
5
1
1
3
1
18
1
1
3
1
7
139
2
2
1
3
41
80
58
1
10
22
6
2
5
7
2
1
1
1
4
49
3
2
1
1
6
11
1
1
7
1
1
1
2
14
2
33
2
1
8
1
3
3
3
1
19
1
1
11
1
9
1
4
5
1
2
1
1
2
14
33
6
1
2
41
2
3
1
1
1
25
1
62
80
2
1
5
2
3
1
1
34
3
1
1
3
11
3
6
16
6
30
2
1
2
4
2
22
14
3
1
8
1
3
3
19
3
8
8
1
2
1
4
1
1105
83
1
8
3
3
44
1
1
2
2
7
1
30
3
8
3
9
2
6
1
16
11
2
2
1
1
3
1
9
7
1
1
4
2
8
12
67
3
2
1
68
1
1
1
6
5
5
4
1
1
1
17
1
1
11
1
10
2
1
27
4
190
36
1
2
1
37
2
6
3
7
1
3
1
2
1
3
1
6
1
8
38
138
1
3
33
1
6
1
1
1
1
38
3
13
2
5
31
2
2
3
11
2
6
1
11
1
2
2
48
5
2
1
4
1
4
4
1
1
7
1
9
1
1
37
2
1
15
5
3
1
7
1
2
1
8
10
275
1
1
1
9
1
1
3
1
3
3
4
2
15
1
2
4
5
6
3
195
1
2
9
1
1
6
39
2
4
7
2
1
3
38
7
1
2
9
9
1
1
12
2
3
1
4
2
2
33
2
3
5
4
10
4
1
5
196
3
1
1
4
4
1
1
2
6
1
138
1
1
1
11
4
1
1
33
1
1
4
2
27
1
4
4
1
1
1
2
2
6
23
11
1
5
1
4
2
1
1
1
9
1
12
1
4
10
1208
2
9
5
4
5
2
1
18
10
5
10
1
1
9
16
2
1
4
1
3
22
2
15
1
24
9
9
1
20
5
34
1
8
1
15
40
5
2
7
1
5
7
10
1
1
1
6
44
6
3
27
2
29
1
1
1
7
1
16
6
1
13
8
1
1
8
5
3
2
290
1
8
4
1
74
2
1
8
3
1
1
1
1
1
10
17
2
1
1
3
46
7
29
29
1
1
1
1
1
55
5
2
1
1
8
4
1
1
4
9
6
1
38
52
1
1
1
2
1
2
1
10
1
1
11
5
8
6
4
1
4
14
2
1
1
21
5
12
1
2
1
1
1
6
1
3
1
1
1
26
1
1
3
1
2
1
7
1
2
25
28
14
1
2
1
5
25
3
1
4
3
2
28
1
3
1
18
3
3
6
3
12
2
7
4
2
1
9
2
2
3
7
1
2
1
2
2
1
30
7
9
1
1
5
1
1
1
3
2
7
1
12
1
19
1
1
1
1
3
2
7
2
2
2
1
1
157
6
1
10
3
39
1
1
4
1
1
5
1
1
1
2
4
81
7
1
7
1
2
1
1
1
4
1
9
4
1
1
1
2
1
8
14
38
3
2
2
5
6
1
2
3
2
10
1
7
3
1
1
21
1
2
1
1
1
1
1
1
1
1
2
1
3
6
2
73
206
2
3
1
1
1
38
1
6
2
1
6
2
1
49
1
1
2
5
10
1
1
129
18
6
2
1
4
1
2
2
44
15
2
1
1
1
9
1
12
5
1
21
4
1
1
1
2
19
1
1
3
1
2
1
22
7
7
1
15
11446
1
20
2
31
2
1
17
1
4
1
371
1
2
1
1
1
1
48
5
9
19
3
1
1
1
4
3
94
1
13
3
8
48
1
3
6
10
1
1
15
55
9
4
24
2
1
2
5
1
1
2
8
3
1
1
3
1
1
17
2
1
1
1
3
61
65
3
1
3
9
24
1
1
7
1
28
73
1
1
18
18
3
3
5
1
9
1
7
3
1
2
1
3
9
5
38
3
4
1
2
1
1
1
1
5
1
1
1
11
1
6
2
1
1
3
2
2
1
11
1
1
15
1
1
27
1
6
1
1
1
1
8
1
5
2
1
2
2
776
8
1
1
2
1
1
5
43
45
8
2
41
2
153
2
10
2
1
10
9
11
16
53
2
1
3
1
2
1
7
1
1
1
2
2
56
14
10
39
1
12
25
5
3
1
6
1
2
6
55
2
150
1
279
1
2
1
1
8
6
18
2
1
3
5
1
1
1
1
2
1
6
10
8
8
1
3
1
1
8
4
3
11
2
49
1
2
3
6
1
4
13
3
2
20
28
3
1
8
1
6
1
34
1
17
1
2
11
2
1
390
1
7
1
1
14
1
5
6
2
766
1
10
1
38
4
17
8
1
21
1
3
1
10
38
40
51
4
31
7
4
18
11
2
1
3
5
1
18
1
1
6
3
19
1
1
1
1
6
1
1
18
2
8
5
1
1
20
1
2
3
21
46
1
2
1
9
10
12
1
1
10
8
4
1
3
5
1
2
11
1
18
2
3
2
1
2
4
1
1
3
2337
6
296
3
7298
3
3
1
1
2
68
6
2
1
12
1
642
1
1
75
6
1
1
12
11
4
1
8
1
3
3
1360
5
5
8
8
1
1
7
2
2
10
4
1
1
14
3
127
1
2
1
1
1
2
1
3
2
7
1
7
5
5
3
1
3
10
11
1
7
1
2
2
5
2
15
15
2
1
1
3
3
1
5
2
1
8
1
7
6
4
1
1
2
1
2
6
3
1
13
1
9
10
108
2
1
2
2
2
2
1
3
2196
4
4
4
12
4
2
2
35
1
1
2
1
3
1
23
6
2
8
4
7
1
7
7
2
2
3
8
226
40
17
18
2
9
1
14
25
1
73
1
2
5
1
2
4
2
1
4
6
1
2
146
2
1
1
70
30
1
9
3
14
2
2
6
2
28
62
8
1
13
19
2
15
2
2
3
3
1
1
27
1
1
1
2
31
1
3
2
6
1
4
16
50
1
1
2
2
6
6
1
3
6
1
585
11
1
15
3
1
7
11
1
1
3
5
2
38
2
10
78
3
3
1
1
2
1
3
100
74
1
1
1
2
3
1
1
1
23
1
1
3
1
6
1
2
3
1
1
1
3
3
1
3
108
9
1
1
13
4
3
3
1
1
1
2
11
1
6
1
5
2
1
1
1
1
1
4
8
1
3
8
1
1
3
1
3
4
1
1
3
2
1
1
1
1
1
4
5
3
6
1
1
2
17
44
5
15
2
126
1
5
1
288
1
83
2
11
3
1
1
3
1
6
1
1
5
3
1
1
5
1
3
2
1
1
5
1
2
3
8
1
3
3
2
32
4
1
2
1
1
1
5
39
1
8
4
19
13
1
6
1
1
2
5
3
158
2
1
1
10
7
20
4
2
5
14
5
5
17
1
20
8
11
7
1
2
106
5
56
1
71
13
1
5
3
1
1
1
8
110
14
1
22
3
76
1
4
6
4
1
15
6
1
1
1
6
3
2
4
1
1
49
4
73
1
6
9
1
923
1
1
3
1
33
1
4
1
1
7
5
2
6
4
1
2
2
1
1
11
2
1
2
1
1
1
108
4
9
3
14
1
1
2
408
3
1
6
2
13
2
20
5
3
2
9
86
12
20
73
1
6
1
1
3
2
1
6
1
1
1
4
2
2
4
4348
19
3
36
8
5
3
30
5
2
2
3
2
1
1
2
1
2
1
2
1
3
1
5
3
47
3
1
2
19
1
18
5
51
19
1222
6
2
2
28
1
1
27
2
3
4
8
7
1
1
1
8
13
1
4
3
8
26
1
7
4
1
3
3
1
18
5
2
3
8
64
2
3
1
4
12
7
31
2
1
3
1
20
1
1
3
1
1
2
5
7
29
11
168
73
3
5
9
3
9
2
3
1
5
1
1
2
11
7
5
5
2
1
34
7
32
12
1
1
2
1
7
10
2
2
5
4
6
1
2
8
1
21
2
2
15
3
6
9
1
2
28
51
1
2
1
6
6
12
1
1
2
1
6
1
2
9
3
19
1
5
1
10
1
24
1
1
4
1
9
4
4
6
9
9
5
2
2
1
4
2
4
2
8
3
1
2
1
7
86
9
4
2
2
5
3
2
2
4
1
1
15
3
5
1
1
6
1
1
1
1
1
1
1
7
2
3
1
1
1
5
4
21
1
2
7
3
1
45
6
29
1
2
1
2
20
1
1
1
1
3
6
3
3
1
24
3
4
6
3
2
29
3
2
1
8
1
1
14
1
12
6
40
1
13
3
1
1
4
2
5
1
2
2
1
1
24
1
1
1
1
161
18
1
2
1
2
1
3
1
5
2
1
1
4
4
1
2
1
8
2
5
19
1
1
1
2
136
1
1
11
4
2
17
1
2
1
7
11
1
2
1
3
38
1
2
1
3
1
4
32
2
1
3
2
2
1
30
1
1
6
2
4
9
8
1
1
1
4
14
3
2
1
1
2
3
570
2
9
2
1
1
1
1
5
1
1
5
2
2
15
4
1
3
2
3
2
2
18
4
8
38
1
1
1
3
1
2
25
3
5
1
7
92
4
1
2
4
20
22
21
4
1
1
13
2
2
3
2
2
1
1
1
1
65
12
9
1
1
1
5
9
2
16
2
2
2
3
2
11
5
2
33
1
36
1
2
1
4
2
9
2
4
36
2
2
3
1
18
4
6
1
66
1
1487
2
4
2
2
67
1
22
35
22
1
1
19
56
1
5
3
1
2
7
1
89
3
6
1
2
2
10
2
24
1
1
2
1
2
1
4
2
3
1
417
1
3
65
9
1
92
47
1
1
2
3
1
48
10
1
58
1
4
1
11
3
10
1
2
3
1
9
1
1
3
1
1
95
40
3
1
4
222
2
1
4
4
1
4
1
9
1
4
2
18
1
4
3
52
9
2
1
1
3
2
19
20
1
39
4
3
1
9
9
43
1
1
5
11
6
4
4
14
12
2
1
1
1
3
4
1
2
2
1
1
6
1
4
402
1
2
959
7
2
5
4
2
1
12
2
24
10
3
1
1
1
1
8
2
1
1
3
13
1
3
1
3
16
1
65
4
2
2
1
6
1
3
1
14
1
2
2
13
1
1
1
3
1
1
19
3
495
1
1
1
3
1
1
1
1
1
5
1
4
3
7
2
2
7
17
3
1
2
2
2
1
8
2
1
2
2
3
3
1
6
1
2
1
7
12
1
2
2
1
2
169
3
9
1
20
627
4
2
1
1
900
1
1
1
6
1
19
640
1
17
3
39
3
1
2
328
1
23
2
6
1
38
16
64
1
1
1
1
7
1
10
12
2
2
1
6
8
1
28
10
1
37
33
213
1
1
1
1
1
3
1
1
1
1
2
49
1
344
2
2
3
2
4
20
54
2
6
3
1
2
57
1
5
2
2
1
1
6
30
1
26
2
15
2
3
3
21
12
1
9
4
14
63
4
5
16
5
7
5
1
2
1
4
1
1
1
8
7
12
2
8
1
31
1
2
34
10
135
1
9
1
1
1
1
9
1
21
1
4
3
1
5
1
4
1
2
2
2
3
2
1
5
1
79
2
1
16
6
20
1
1168
3
1
6
35
1
30
1
21
1
1
6
1
1
1
2
24
405
3
69
2
8
2
6
5
3
2
7
1
1
29
1
5
14
2
2
1
1
28
1
2
11
41
2
1
5
1
1
6
1
2
1
7
1
4
2
9
6
476
3
5
6
23
5
2
52
1
1
5
2
20
13
2
1
4
68
1
70
9
4
2
2
8
1
5
847
2
9
3
4
2
1
1
1
1
1
35
1
1
1
274
6
1
2
10
4
3
1
1
4
1
1
8
1
3
23
4
3
27
5
2
5
1
1
3
61
6
2
1
2
76
1
25
91
2
1
4
4
5
70
5
54
2
9
1
1
7
5
38
1
1
1
3
1
1
1
2
277
5
1
2
4
1
1
1
32
1
19
2
2
6
4
7
2
3
4
2
1
9
2
4
4
1
2
2
2
1
1
1
2
1
366
1
134
1
1
1
6
20
1
1
1
6
1
1
8
3
14
23
6
11
5
1
2
313
1
38
3
1
18
2
4
1
1
1
3
19
3
1
1
3
3
1
10
1
13
2
1
